13089 2886 3954 4729 797 7990 9036 9204
797 9036
797
1069 13089 797 9036 9204
9036
1069 13089 797 9036 9204
1069
3954
3954
3954
1069
3954
2886 3954
2886
4729
4729
3954
2886 7990
4729
4729
3954
4729
3954
7990
4729
3954
13089 7990
2886 4729 9036
4729
3954
1069
3954
3954
4729
3954
4729
13089 2886 3954 4729 797 7990 9036 9204
13089 2886 3954 4729 797 7990 9036 9204
797 9036
13089 797 9036 9204
1069 13089
1069
1069
13089 797
13089
1855
1069
9036
9036
797
4729
4729
9036
9204
797
9036
1069
1069 13089 9036
1069 13089 9036 9204
9036
13089 9036
2886 7990
1069
1069
9036
13089
9036
9204
4729
1855
1069 13089 797 9204
13089
9036
797
7990
7990
9036
9036
13089
1069
13089 797 9036
797
797
13089
797
797
9204
9204
9204
9036
13089 2886 7990 9204
9036
9036
13089 9036
13089
9204
9036
9036
797
9204
13089 9036
1069
1069
2886 4729 7990
9036
1069
13089
797
9036
9204
1069
9036
9036
2886 7990
7990 9036
13089 3954
1069
1069
1069
1069
1069
9204
9036
9036
9204
797
797
9204
1069 9204
1069
1069
1069
1069
9204
13089
13089 9204
13089
1069
9036
797
9036
1069
13089
1069 9036 9204
797
9036
9036
13089
9036
1069 9036
9036
13089
1069
13089
9204
797
9204
13089
1069 13089 797 9036 9204
1069 13089 3954 4729 797 9036
1069
9036
9204
9036
4729 797 9036
9204
13089
9036
13089
1069 13089 9036 9204
13089 797 9036 9204
4729
9204
13089
1069 9036
9204
1069
13089
1069
797 9036
1069
13089 2886 3954 4729 797 7990 9036 9204
797
9036
1069 797
9036
797 9204
2886 7990 9036
9204
1069
1855 9036
1855
797
7990
9036
1069
13089 3954 4729
1069
3954
9204
13089
1069
797
3954 4729
1069
1069
1069
1069 9036
9036
1069 797 9036
9036
1069 1855 797 9036
1069 3954
1069
797
797
1069 797 9036
797
9036
9036
1069
797
797
9036
2886 7990
2886
1069
9204
9204
9204
1855
13089
1069
13089
9204
797
1069
7990
2886
1069
9204
13089
1855 9036
9036
2886 7990
3954 4729
9036
1855
2886 7990
7990
13089
1069
1069
797
9204
3954
9204
9036
9036
3954
1069
797
2886
1069 13089 797 9036 9204
4729
1069 9204
1069
2886
13089
7990 9204
9036
9036
3954 4729
1069
9036
1069
13089
1069
9036
9204
1069
2886
9036
9036
13089
9036
797
13089
1069
9036
9204
797
9204
797
1855 797
9036
13089
9036
797
1069
9036
797
9036
1069 13089 797 9036 9204
9204
9204
9036
1069
1069
1069 13089 797 9036 9204
1069
1069
9204
1069 9204
797 9204
797
797
1069
797
2886 9204
9204
1069
9204
3954
3954
9036
2886 3954 4729 7990
13089 9036
9036
797
9036
1069 797
1069
1069
9036
9036 9204
797
9204
1069 9204
1069
1069
1069 9036 9204
9036
9036
1855
797 9036 9204
1069
